#         Scheme    Bin       IEta      Depth
HB        1         1         3         1
HB        1         2         2         1
HB        1         3         1         1
HB        1         4         7         1
HB        1         5         6         1
HB        1         6         5         1
HB        1         7         4         1
HB        1         8         11        1
HB        1         9         10        1
HB        1         10        9         1
HB        1         11        8         1
HB        1         12        15        2
HB        1         13        14        1
HB        1         14        13        1
HB        1         15        12        1
HB        1         16        16        1
HB        1         17        16        2
HB        1         18        15        1

HB        2         1         14        1
HB        2         2         15        1
HB        2         3         15        2
HB        2         4         10        1
HB        2         5         11        1
HB        2         6         12        1
HB        2         7         13        1
HB        2         8         6         1
HB        2         9         7         1
HB        2         10        8         1
HB        2         11        9         1
HB        2         12        2         1
HB        2         13        3         1
HB        2         14        4         1
HB        2         15        5         1
HB        2         16        16        2
HB        2         17        1         1
HB        2         18        16        1

HB        3         1         16        1
HB        3         2         1         1
HB        3         3         16        2
HB        3         4         5         1
HB        3         5         4         1
HB        3         6         3         1
HB        3         7         2         1
HB        3         8         9         1
HB        3         9         8         1
HB        3         10        7         1
HB        3         11        6         1
HB        3         12        13        1
HB        3         13        12        1
HB        3         14        11        1
HB        3         15        10        1
HB        3         16        15        2
HB        3         17        15        1
HB        3         18        14        1

HB        4         1         15        1
HB        4         2         16        2
HB        4         3         16        1
HB        4         4         12        1
HB        4         5         13        1
HB        4         6         14        1
HB        4         7         15        2
HB        4         8         8         1
HB        4         9         9         1
HB        4         10        10        1
HB        4         11        11        1
HB        4         12        4         1
HB        4         13        5         1
HB        4         14        6         1
HB        4         15        7         1
HB        4         16        1         1
HB        4         17        2         1
HB        4         18        3         1

HE        1         1         22        2
HE        1         2         28        2
HE        1         3         26        2
HE        1         4         22        1
HE        1         5         28        3
HE        1         6         29        1
HE        1         7         26        1
HE        1         8         20        2
HE        1         9         20        1
HE        1         10        18        1
HE        1         11        17        1
HE        1         12        19        1
HE        1         13        24        2
HE        1         14        28        1
HE        1         15        16        3
HE        1         16        19        2
HE        1         17        24        1
HE        1         18        18        2

HE        2         1         19        2
HE        2         2         23        1
HE        2         3         18        2
HE        2         4         19        1
HE        2         5         23        2
HE        2         6         29        2
HE        2         7         16        3
HE        2         8         20        2
HE        2         9         20        1
HE        2         10        18        1
HE        2         11        17        1
HE        2         12        21        1
HE        2         13        27        3
HE        2         14        27        1
HE        2         15        25        1
HE        2         16        21        2
HE        2         17        27        2
HE        2         18        25        2

HE        3         1         21        2
HE        3         2         27        2
HE        3         3         25        2
HE        3         4         21        1
HE        3         5         27        3
HE        3         6         27        1
HE        3         7         25        1
HE        3         8         20        2
HE        3         9         20        1
HE        3         10        18        1
HE        3         11        17        1
HE        3         12        19        1
HE        3         13        23        2
HE        3         14        29        2
HE        3         15        16        3
HE        3         16        19        2
HE        3         17        23        1
HE        3         18        18        2

HE        4         1         19        2
HE        4         2         24        1
HE        4         3         18        2
HE        4         4         19        1
HE        4         5         24        2
HE        4         6         28        1
HE        4         7         16        3
HE        4         8         20        2
HE        4         9         20        1
HE        4         10        18        1
HE        4         11        17        1
HE        4         12        22        1
HE        4         13        28        3
HE        4         14        29        1
HE        4         15        26        1
HE        4         16        22        2
HE        4         17        28        2
HE        4         18        26        2


